GC Statistics
=============
Alloc: 1505 KB
TotalAlloc: 58170 KB
Sys: 13201 KB
Lookups: 0
Mallocs: 16896
Frees: 15613
HeapAlloc: 1505 KB
HeapSys: 7776 KB
HeapIdle: 5360 KB
HeapInuse: 2416 KB
HeapReleased: 2824 KB
HeapObjects: 1283
NumGC: 23
GCCPUFraction: 0.006185
PauseTotalNs: 23737833 ns
PauseNs (last 256): [173459 61167 2536416 1230333 111750 131749 262417 350042 2395708 5628500 1182625 923959 712459 72834 103541 814458 5291292 76958 708959 86458 515542 84458 282749 0 0 0 0 0 0 0 0 0 0 0 0 0 0 0 0 0 0 0 0 0 0 0 0 0 0 0 0 0 0 0 0 0 0 0 0 0 0 0 0 0 0 0 0 0 0 0 0 0 0 0 0 0 0 0 0 0 0 0 0 0 0 0 0 0 0 0 0 0 0 0 0 0 0 0 0 0 0 0 0 0 0 0 0 0 0 0 0 0 0 0 0 0 0 0 0 0 0 0 0 0 0 0 0 0 0 0 0 0 0 0 0 0 0 0 0 0 0 0 0 0 0 0 0 0 0 0 0 0 0 0 0 0 0 0 0 0 0 0 0 0 0 0 0 0 0 0 0 0 0 0 0 0 0 0 0 0 0 0 0 0 0 0 0 0 0 0 0 0 0 0 0 0 0 0 0 0 0 0 0 0 0 0 0 0 0 0 0 0 0 0 0 0 0 0 0 0 0 0 0 0 0 0 0 0 0 0 0 0 0 0 0 0 0 0 0 0 0 0 0 0 0 0 0 0 0 0 0 0 0 0 0 0]
