GC Statistics
=============
Alloc: 1535 KB
TotalAlloc: 58372 KB
Sys: 13713 KB
Lookups: 0
Mallocs: 18115
Frees: 16751
HeapAlloc: 1535 KB
HeapSys: 7616 KB
HeapIdle: 5192 KB
HeapInuse: 2424 KB
HeapReleased: 2512 KB
HeapObjects: 1364
NumGC: 24
GCCPUFraction: 0.001211
PauseTotalNs: 3164001 ns
PauseNs (last 256): [77666 99750 157666 173833 69751 52959 162167 138542 67458 124833 84625 117417 167207 99542 60751 188500 72459 795417 87750 58875 110750 52458 60041 83584 0 0 0 0 0 0 0 0 0 0 0 0 0 0 0 0 0 0 0 0 0 0 0 0 0 0 0 0 0 0 0 0 0 0 0 0 0 0 0 0 0 0 0 0 0 0 0 0 0 0 0 0 0 0 0 0 0 0 0 0 0 0 0 0 0 0 0 0 0 0 0 0 0 0 0 0 0 0 0 0 0 0 0 0 0 0 0 0 0 0 0 0 0 0 0 0 0 0 0 0 0 0 0 0 0 0 0 0 0 0 0 0 0 0 0 0 0 0 0 0 0 0 0 0 0 0 0 0 0 0 0 0 0 0 0 0 0 0 0 0 0 0 0 0 0 0 0 0 0 0 0 0 0 0 0 0 0 0 0 0 0 0 0 0 0 0 0 0 0 0 0 0 0 0 0 0 0 0 0 0 0 0 0 0 0 0 0 0 0 0 0 0 0 0 0 0 0 0 0 0 0 0 0 0 0 0 0 0 0 0 0 0 0 0 0 0 0 0 0 0 0 0 0 0 0 0 0 0 0 0 0 0]
