GC Statistics
=============
Alloc: 1504 KB
TotalAlloc: 58257 KB
Sys: 14225 KB
Lookups: 0
Mallocs: 17165
Frees: 15938
HeapAlloc: 1504 KB
HeapSys: 7680 KB
HeapIdle: 5392 KB
HeapInuse: 2288 KB
HeapReleased: 2696 KB
HeapObjects: 1227
NumGC: 23
GCCPUFraction: 0.001021
PauseTotalNs: 1935752 ns
PauseNs (last 256): [67792 55667 140833 101250 45000 322542 54167 121167 83000 108458 46624 41167 139542 46125 40083 109875 44334 41958 64751 47374 101333 69126 43584 0 0 0 0 0 0 0 0 0 0 0 0 0 0 0 0 0 0 0 0 0 0 0 0 0 0 0 0 0 0 0 0 0 0 0 0 0 0 0 0 0 0 0 0 0 0 0 0 0 0 0 0 0 0 0 0 0 0 0 0 0 0 0 0 0 0 0 0 0 0 0 0 0 0 0 0 0 0 0 0 0 0 0 0 0 0 0 0 0 0 0 0 0 0 0 0 0 0 0 0 0 0 0 0 0 0 0 0 0 0 0 0 0 0 0 0 0 0 0 0 0 0 0 0 0 0 0 0 0 0 0 0 0 0 0 0 0 0 0 0 0 0 0 0 0 0 0 0 0 0 0 0 0 0 0 0 0 0 0 0 0 0 0 0 0 0 0 0 0 0 0 0 0 0 0 0 0 0 0 0 0 0 0 0 0 0 0 0 0 0 0 0 0 0 0 0 0 0 0 0 0 0 0 0 0 0 0 0 0 0 0 0 0 0 0 0 0 0 0 0 0 0 0 0 0 0 0 0 0 0 0 0 0]
