GC Statistics
=============
Alloc: 1499 KB
TotalAlloc: 58190 KB
Sys: 13457 KB
Lookups: 0
Mallocs: 16757
Frees: 15561
HeapAlloc: 1499 KB
HeapSys: 7680 KB
HeapIdle: 5344 KB
HeapInuse: 2336 KB
HeapReleased: 2232 KB
HeapObjects: 1196
NumGC: 23
GCCPUFraction: 0.001098
PauseTotalNs: 2054910 ns
PauseNs (last 256): [38166 51583 151042 50000 86750 83292 50375 90666 128083 167541 60832 74749 150500 57083 56083 114666 76917 102417 64583 122541 93958 107584 75499 0 0 0 0 0 0 0 0 0 0 0 0 0 0 0 0 0 0 0 0 0 0 0 0 0 0 0 0 0 0 0 0 0 0 0 0 0 0 0 0 0 0 0 0 0 0 0 0 0 0 0 0 0 0 0 0 0 0 0 0 0 0 0 0 0 0 0 0 0 0 0 0 0 0 0 0 0 0 0 0 0 0 0 0 0 0 0 0 0 0 0 0 0 0 0 0 0 0 0 0 0 0 0 0 0 0 0 0 0 0 0 0 0 0 0 0 0 0 0 0 0 0 0 0 0 0 0 0 0 0 0 0 0 0 0 0 0 0 0 0 0 0 0 0 0 0 0 0 0 0 0 0 0 0 0 0 0 0 0 0 0 0 0 0 0 0 0 0 0 0 0 0 0 0 0 0 0 0 0 0 0 0 0 0 0 0 0 0 0 0 0 0 0 0 0 0 0 0 0 0 0 0 0 0 0 0 0 0 0 0 0 0 0 0 0 0 0 0 0 0 0 0 0 0 0 0 0 0 0 0 0 0 0]
