GC Statistics
=============
Alloc: 1524 KB
TotalAlloc: 58288 KB
Sys: 13969 KB
Lookups: 0
Mallocs: 17658
Frees: 16347
HeapAlloc: 1524 KB
HeapSys: 7648 KB
HeapIdle: 5232 KB
HeapInuse: 2416 KB
HeapReleased: 2552 KB
HeapObjects: 1311
NumGC: 23
GCCPUFraction: 0.001074
PauseTotalNs: 4112464 ns
PauseNs (last 256): [87126 124626 232333 72792 873792 59584 1128834 134667 51876 169500 80874 282583 128167 80959 67542 174001 52083 52375 59667 43333 60167 46333 49250 0 0 0 0 0 0 0 0 0 0 0 0 0 0 0 0 0 0 0 0 0 0 0 0 0 0 0 0 0 0 0 0 0 0 0 0 0 0 0 0 0 0 0 0 0 0 0 0 0 0 0 0 0 0 0 0 0 0 0 0 0 0 0 0 0 0 0 0 0 0 0 0 0 0 0 0 0 0 0 0 0 0 0 0 0 0 0 0 0 0 0 0 0 0 0 0 0 0 0 0 0 0 0 0 0 0 0 0 0 0 0 0 0 0 0 0 0 0 0 0 0 0 0 0 0 0 0 0 0 0 0 0 0 0 0 0 0 0 0 0 0 0 0 0 0 0 0 0 0 0 0 0 0 0 0 0 0 0 0 0 0 0 0 0 0 0 0 0 0 0 0 0 0 0 0 0 0 0 0 0 0 0 0 0 0 0 0 0 0 0 0 0 0 0 0 0 0 0 0 0 0 0 0 0 0 0 0 0 0 0 0 0 0 0 0 0 0 0 0 0 0 0 0 0 0 0 0 0 0 0 0 0 0]
