GC Statistics
=============
Alloc: 1505 KB
TotalAlloc: 58412 KB
Sys: 13969 KB
Lookups: 0
Mallocs: 17827
Frees: 16509
HeapAlloc: 1505 KB
HeapSys: 7616 KB
HeapIdle: 5016 KB
HeapInuse: 2600 KB
HeapReleased: 2400 KB
HeapObjects: 1318
NumGC: 23
GCCPUFraction: 0.004269
PauseTotalNs: 13062665 ns
PauseNs (last 256): [1970041 4252042 4618917 209001 64291 60166 56375 169291 59584 138000 111083 63250 154375 143291 107083 209083 123625 81959 123709 110916 107083 62250 67250 0 0 0 0 0 0 0 0 0 0 0 0 0 0 0 0 0 0 0 0 0 0 0 0 0 0 0 0 0 0 0 0 0 0 0 0 0 0 0 0 0 0 0 0 0 0 0 0 0 0 0 0 0 0 0 0 0 0 0 0 0 0 0 0 0 0 0 0 0 0 0 0 0 0 0 0 0 0 0 0 0 0 0 0 0 0 0 0 0 0 0 0 0 0 0 0 0 0 0 0 0 0 0 0 0 0 0 0 0 0 0 0 0 0 0 0 0 0 0 0 0 0 0 0 0 0 0 0 0 0 0 0 0 0 0 0 0 0 0 0 0 0 0 0 0 0 0 0 0 0 0 0 0 0 0 0 0 0 0 0 0 0 0 0 0 0 0 0 0 0 0 0 0 0 0 0 0 0 0 0 0 0 0 0 0 0 0 0 0 0 0 0 0 0 0 0 0 0 0 0 0 0 0 0 0 0 0 0 0 0 0 0 0 0 0 0 0 0 0 0 0 0 0 0 0 0 0 0 0 0 0 0 0]
