GC Statistics
=============
Alloc: 1478 KB
TotalAlloc: 18827 KB
Sys: 13457 KB
Lookups: 0
Mallocs: 6395
Frees: 5296
HeapAlloc: 1478 KB
HeapSys: 7712 KB
HeapIdle: 5576 KB
HeapInuse: 2136 KB
HeapReleased: 2840 KB
HeapObjects: 1099
NumGC: 7
GCCPUFraction: 0.001912
PauseTotalNs: 277499 ns
PauseNs (last 256): [59125 54751 31166 40833 31999 24875 34750 0 0 0 0 0 0 0 0 0 0 0 0 0 0 0 0 0 0 0 0 0 0 0 0 0 0 0 0 0 0 0 0 0 0 0 0 0 0 0 0 0 0 0 0 0 0 0 0 0 0 0 0 0 0 0 0 0 0 0 0 0 0 0 0 0 0 0 0 0 0 0 0 0 0 0 0 0 0 0 0 0 0 0 0 0 0 0 0 0 0 0 0 0 0 0 0 0 0 0 0 0 0 0 0 0 0 0 0 0 0 0 0 0 0 0 0 0 0 0 0 0 0 0 0 0 0 0 0 0 0 0 0 0 0 0 0 0 0 0 0 0 0 0 0 0 0 0 0 0 0 0 0 0 0 0 0 0 0 0 0 0 0 0 0 0 0 0 0 0 0 0 0 0 0 0 0 0 0 0 0 0 0 0 0 0 0 0 0 0 0 0 0 0 0 0 0 0 0 0 0 0 0 0 0 0 0 0 0 0 0 0 0 0 0 0 0 0 0 0 0 0 0 0 0 0 0 0 0 0 0 0 0 0 0 0 0 0 0 0 0 0 0 0 0 0 0 0 0 0]
