GC Statistics
=============
Alloc: 1468 KB
TotalAlloc: 18688 KB
Sys: 13265 KB
Lookups: 0
Mallocs: 5810
Frees: 4736
HeapAlloc: 1468 KB
HeapSys: 7712 KB
HeapIdle: 5392 KB
HeapInuse: 2320 KB
HeapReleased: 2408 KB
HeapObjects: 1074
NumGC: 7
GCCPUFraction: 0.002591
PauseTotalNs: 518378 ns
PauseNs (last 256): [44249 49376 236876 40084 54959 34001 58833 0 0 0 0 0 0 0 0 0 0 0 0 0 0 0 0 0 0 0 0 0 0 0 0 0 0 0 0 0 0 0 0 0 0 0 0 0 0 0 0 0 0 0 0 0 0 0 0 0 0 0 0 0 0 0 0 0 0 0 0 0 0 0 0 0 0 0 0 0 0 0 0 0 0 0 0 0 0 0 0 0 0 0 0 0 0 0 0 0 0 0 0 0 0 0 0 0 0 0 0 0 0 0 0 0 0 0 0 0 0 0 0 0 0 0 0 0 0 0 0 0 0 0 0 0 0 0 0 0 0 0 0 0 0 0 0 0 0 0 0 0 0 0 0 0 0 0 0 0 0 0 0 0 0 0 0 0 0 0 0 0 0 0 0 0 0 0 0 0 0 0 0 0 0 0 0 0 0 0 0 0 0 0 0 0 0 0 0 0 0 0 0 0 0 0 0 0 0 0 0 0 0 0 0 0 0 0 0 0 0 0 0 0 0 0 0 0 0 0 0 0 0 0 0 0 0 0 0 0 0 0 0 0 0 0 0 0 0 0 0 0 0 0 0 0 0 0 0 0]
